jl_sstj:4.38,0,4.38,0,0,0,4.38,0,0,4.38,0,0,0,0,0,4.38,0
jl_juehun:5.82,4.51,0,0,36.38,0,43.82,8,8,5.83,0,8,5.93,0,5.89,30,13.9,0,11.83,5.92,28.53,22.33,13.93,5.87,5.88
fensi:4.5,4.5,4.5,0,4.5
jl_bingyuegong:4.89,0,0,2.46,0,4.86,0,0,0,12.94,0
spear:4.33,0,16.21,16.16,16.21,13.66,0,8.56
jl_yushanss:4.51,0,0,0
jl_yanlinmao:11.43,0,0,0,34.34,0,0,0,0,0,0
qinguo:4.58,0,0
tenyearjiaozhao:8.88,8.94,0,0,0,0
suijiyingbian:9.09,0,0,10.09,0,0,0,0,0,5.69,0,0,0,9.09,9.09,2.79,3.99,12.09,10.09,10.09,3.09,4.89,3.99,5.69,9.09,8.59,3.09,10.09,10.09,5.49
ov_mouzhu:9.78,7.78,4.54,0,0
luanji:7.26,3.63
olhuoji:4.69,4.69,0,4.71,0,0,4.68,4.7,9.45,0
olkanpo:15.92,0,8,24,16,8,23.96,0
mobilejiushi:6.06,6.06,6.06,0,6.06,0
jixi:17.84,17.8
juanxia:18,4.5,0,0,18,23.8,14.6,35,8.5
ov_xuanhuo:11.7,7.7,11.7,21.4,4.5,11.7,4.5,0,0
tenyearshensu:9,0,9,0,9,0,9,0,9,0,9,9,0
mozhi:13.5,4.6,9,0,13.55,0,4.5,0,0,0,0,0,9,0,0,5,0
yizan:5.76,5.98,0
jinchoufa:4.51,0
olduanliang:7.11,0
ov_chaofeng:4.68,9.06,4.66,4.66,4.66,4.66,4.6
mingce:4.5,4.5,4.5,4.5,0,0
yanzheng:8,0,0,0
jiushi:5.98,0,5.98,6.06,0,5.98,0,0,6.06,0,0,6.06,0
wusheng:4.35,0,16.38,0,0,8.19,16.38,0,0,8.39,4.5,8.39,0,0,4.39,4.39,0,0
mizhao:4.5,4.5,4.5,0,0,4.5,4.5,4.5,0,8.5,8.5,0,4.5,0,8.5,4.5,4.5,4.5,4.5,0,4.5,4.5,4.5
olchenqing:6,0,0,0,6,12,12,0,6,0
xiaoxinf:9.16,0
jixianzl:4.58,8.58,8.58
yhyijie:-0.18,-0.1
yhshanhai:9,0
qice:3.73,4.83,4.83,3.63,3.97
zhanjue:3.33,7.15,0,0
shenduan:7,0,0,0,0,0,0,7,0,7,0,0
yonglve:4.5,4.5,0,0,4.5,4.5,9,0,0
tenyearliyu:3.78,3.78
chengzhao:4.5
miaoxian:8.89,24,8.87,0
olshanjia:4.58,4.58
huoji:4.71,4.64
zhiyi:9.23
zhenge:4.58
tenyearmingfa:5,0,37,0,0,18.4,5.6,0,9,9,4.65,0
ov_beini:4.5,4.5,8.58,4.5,0,4.5,4.5,4.5,4.5,4.5,0,4.5,0,0,4.5
luajuao:15.78,19.78,0,0,0,0
tenyearrende:6.04,0,6.04,0,0,12.02,0,6.04,0,0,0,0
ov_xiewei:3.7,3.7,0,0,0,3.7,3.7,3.7,0,0,3.7,0,0,3.7,5.7,0,3.7,0
yhduwei:4.5,4.65,8.89,0,4.5,4.5
pingxi:22.5,18,4.5,9,9
fan:4.44,4.51,4.47,0,0,4.47,4.35,4.48,0,4.55,4.68,4.68,4.68,0,0,4.47,0
secondmansi:3.86,0,3.8,3.53,3.68,0,0,0,3.38,0,0,0
shensu:8.5,8.5,0,9,4.5,4.5,4.5,4.5,4.5,4.5
qixi:10.99,22.07,0,16.49,0,0,11,0,0,43.75
mobilezhijianzhan:4.5,0,0
secondzhanyi:4.42,0
longnu:4.68,0,0
zhendu:6.06,0,6.06
tenyearzhuhai:4.5,21.3,5.6,10.1,0
fuping:12,0
mtzhihe:5.35,8.83
tenyearkuangfu:4.58,4.59,0
pingxiang:42.21,0
lijian:15.7,11.7,3.7,3.7
bawang:9.16,18.32,0
ov_qingkou:7.8,3.8,5.8,5.8,3.8,3.8,3.8,11.8
xunshi:2.51,0
mobileyongjungong:4.58
juesheng:3.79
jinxuanbei:4.5,8.5,0,4.5,4.5,0,0
longdan:4.14,0,8.16,0,0
tenyearxiansi:16.76,8.38,0,8.38
mouzhu:4.5,0
blood_hj:7.78,7.78,0,0,3.78,0,0
hongyan:13.57,0,0
mobilexiaoxi:4.5
jinzhi:9.1,4.55
olwushen:2.55,0,39.92
olchangbiao:4.4,4.13,4.44
kanpo:16,8,0,8,0
olluanji:3.63,3.63,0
fuhei:10.58,0,9.03,0,0,9,11.99,5.59,6,15.96,0,0,13.1,21,5.59
lianhuan:5.28
mobilelianji:8.5,4.5,4.8,3.9
newlonghun:11.81,8,19.93
yingjian:4.59,0
xianzhu:4.5,0,4.5,0,0,4.5,0
mtfuzhan:3.7,0,0
tenyearzhenyi:6
mobilejianying:2.45
tenyearlingyin:11.64
lalong:4.5,8.5,8.5,4.5,8.5
yhboben:11.1,11.4,0
mobileyongxizhan:53.58,46.72,49.26,18.18,11.46,6.06,16.06,16.06,15.4,5.4,5.4,10,15.4
tenyearduanliang:14.2,0,14.11,0
yhhankai:6.06,6.06,0
sheji:4.58
tenyearzhuikong:9.16
jueman:4.55,4.6,0,0
