secondkoulve:2,0,0
mobilezhongyong:1,0
jl_xingtuo:2,0,4,1,1,3,2,0,1,0,0,5,0,0,0,0,0,1,2,0,0,2,2,2,0,3,0,0,1,1
jl_xianchou:2,0,6,1,4,3,5,0,1,0,2,4,0,0,0,0,0,5,0,0,0,1,1,2,0,4,0,0,1,0
ov_kaiji:1,1,3,3,2,0,2,2,3,2,1,1,15,10,6,6,6,6,6,5,2,3
ov_shepan:1,0,1,0,0,0,1,0,1,1,0,1,1,1,1,0,1,1,2,0,5,3
jl_xiance:4,0,0,0,0,2,0,0,4,0,0,2,2,4,2,2,2,6,2,0
mobilefuhai:2,0,0,2,2,2,0,0
jl_bingyuegong:3,0,0
biejun:3,2,1,2,2,2,4,1,1,1,1,0,1,0,0,2,2,0,0,0
yaner:4,0,0
zhiren:6,0,3
ov_zhenhu:1,1,1,2,0,2,0,0,0,0,1,0,1
yj_xinge:1,1,1,1,0,0,0,1,0,1,1,0,1,1,0,1,1,1,1,1
mobilebingyi:1,0,0,0
ov_xingluan:1,0,0,0,2,2,0,0
zhongjian:1,1,0,0
jianying:2,0,0,0
tenyearzenhui:2,0,0,0,1,0,0,0,0,0,0,1,1,1,0
double_sword:1,1,0,1,0,1,2,1,2,1,1,2,1,1,1,3,1,1,1,1,1,1,1,1,2,2,2,1,2,1,1,1,2,1
qiaoyan:2,0,0,1,0,0,1,2,0,3,1,2,1
kuizhu:1,0,3,1,1,1,0,2,0,3,0
weipo:3,0,0,1,3,0,2,2,0,2,2,4,3,2,2
mobilemouzhiheng:2,4,5,4,2,2,1,1,0,3,1,0,7,6,5,2,1,0,2,4,1,2,3,5,7,8,4,4,0,0,1,3,0,4,0,6,0,6,0,0,0
secondmobilexinguixiu:1,0,1,1
lijun:2,4,4,2,3,3,4,0,0,2
jl_wuxiesy:2,0,2,0,0,0,2,0,0,0,0,0
yinghun:1,1,2,3,2,0,0,0,3,5,4,4,3,0,0,1,0,1,3,2,1,3,2,0,0,0,2,2,2,1,0,0,0,0,0,0,0,1,1,0,0,0,1,0,1,0,1,0,1,1,0,0,1,1,0,0,1,1,1,0,0,0,0,0,0,0,0,1,0,0,0,0,0,1,1,1,1,0,0,0,0,0,0,0,0,1,1,0,1,0,0,0,1,0,1,0,1,0,0,0,0,0,0,1,3,4,1,1,2,2,0,2,0,1,0,0,0,2,3,2,3,0,1,5,1,1,2,2,0,3,1,1,5,5,1,5,1,1,4,0,1,2,2,2
ov_manji:2,2,1,0,0,1,0,1,1,0,0,0
jl_yanlinmao:5,0,0,0,0,0,0
tenyeardanxin:1,0,0,0,0
huimin:2
secondwenji:1,1,1,1,1
mobilezhishengxi:2,2,0
ollianji:1,0,0,1,1,1,1,1,0,1,0,1,1,1,1
suiren:3,0,0,3,0,0,0,0,0,0,0,0,0,0,0,0,0,0,0,0,0,3,0,3,0,0,3,0,0,0,0
ov_mouzhu:3,2,3,0,0
gamerule:1,0,1,3,1,5,2,4,1
yj_nvzhuang:1,0,0
tenyearlongyin:1,1,1,2,9,4
juesi:1,0
zl_jinhe:1,0
yj_stabs_slash:1,0
yb_kongchao1:1,1,0,0,1,0,0,0,0,0,1,0,0,1,1,1,1,1,1,1,1,1,1,1,1,1,1,1,1
eight_diagram:1,1
ov_zaoli:5,4,6,5,7,1,0,0,6,4
ov_enyuan:2,0,3,0,5,2,2,2,1,6
dingcuo:4,2,0,0,4,0,2,4,2,2,6,2,2,2
ov_xuanhuo:2,2,2,4,2,2,2,0,0,2
#fanghun:2,1,1,1,0,1,0
ov_hengjiang:1
yuanzi:8,1,0
mobilerenjutu:2,2,3,3,0,2
mobilerenyaohu:2,2
ov_chenshi:1,1,0,0,1,1,0,0,2
bingyi:1,1,4,3,1,0,2,1,1
liejie:3,1,1,0,0
shenxing:3,1,1,1,3,0,3,0,2
lvli:2,0,1,0,0,0,1
jl_bajun:2,0,0,0,0,0
mobilezhishameng:5,0
tenyearzhongyong:2,0,2,0,0,2,0
jinweishu:1,6,7
zishu:1,0,1,1,2,1,2,6,1,0,4,2,2,6,6,0,2,2,0,0,1,1,1,1,1,1,2,2
yuxu:3,2,1,5,0,6,5,3,0,1,0,2,3,2,0
mingce:1,1,1,1,2,0,2,0,2,1,0,0,0,1,0
jinsanchen:3,3,3,7,3,3,3,4,3,3,0,3,3,3,3,3
juzhan:2,4,0,0,0,0,2,0,0,0,0,0,0,0,0,2,2,2,0,0,2,0,0,0,0,2
oljieming:3,0,5,5,0,0,3,7,0,0,0,3,0,0,5,4,9,8,0,0,6
kuiwei:4,0,6,0,6,3,0,3,3,0,0
wangzun:1,1,1,1
xianjin:1,0,1
jianxiang:1,0,0,6,2,1
shizhao:2,2,2,2,2,2,0,0,0,0,0,0,2,0
tianjitu:3,2,3,3,5,1,1,1,5,5,2,2,3,2,5,5,3,3,1,3,5,1,3,3,3
shichou:2
pingcai:1,1,1,0,1
xingxue:1,4,2,4,4,4,4,3,3,1,2,2,2,1,0,2,2,3,3,1,1,4,1,0,1
zhiyi:1,0,0,0,0,0,0,0,0
tenyearquanjian:2,1,0,0,1,1,1,0,3,0,0,0,0,0,3,0,2,1,0
olzhengnan:3,3,0,0,0,0,0,0,3,3,0,0,3,15,0
tenyeartujue:4,0,0,0,0,0,0,6,0,4,0,0,0,0,2,0,0
mobileqingjian:8,0,10,14,4,0,3,7
yirang:5,0,3,2,0,0,3,2,3,5,2,3,2,2
mobilejingce:2,0,2,0,2,2,0,2
zhaohuo:4,4,4,0,0,4,0,4,5,5,9,4,4,0,3,0,3,0,0,0,0,0,0,0,4,2,0,0,4,0,0,0,0,0,0,0
olchenqing:4,4,0,0,4,4,8,4,4,4,4
mobileyanyanjiao:2,4,4,2,1,2,3,0,1
yj_poison:1,0,0,0,2,1,1,1,1,1,1,1
recast:1,1,1,0,1,1,2,1,1,3,1,1,2,4,1,1,1,1,1,1,1,1,2,3,1,3,1,1,1,2,3,3,12,3,7,2,1,1,2,1,1,1,1,1,1,1,2,1,1,1,1,3,8,3,1,1,2,1,1,2,1,2,2,2,1,5,1,1,1,2,1,1,2,1,2,1,2,3,2,1,2,11,1,1,1,2,3,1,1,2,1,2,6,1,3,2,3,4,2,4,3,1,1,1,4,3,1,1,2,1,4,2,1,1,2,4,2,1,1,1,1,1,1,1,2,1,1,2,3,1,1,1,1,1,1,1,1,1,1,1,1,1,1,1,2,1,2,1,1,2,3,1,3,1,1,1,3,1,3,2,1,5,3,1,2,1,1,1,1,4,6,2,1,4,3,4,3,2,1,1,1,2,2,2,2,2,2,2,1,4,3,1,2,1,2,1,2,3,1,1,1,3,1,6,1,1,3,3,1,2,2,2,3,3,1,8,2,3,1,1,2,1,2,1,2
dongzhuxianji:2,0,0,0,4,0,0,4,0,2,2,2,2,2,2,2,2,2,4,2,2,2,4,2,4,2,2,2,2,2,2,2,2,2,2,2,4,2,2,2,4,2,2,2,2,2,2,2,2,2,2,4,4,6,2,4,2,2,4,4,4,4,2,2,2,4,4,4,4,2,2,4,4,2,2,4,4,4,2,2,2,2,2,6,6,2,4,6,4,2,4,2,2,2,2,2,4,2,2,4,2,2,2,2,2,2,2,2,2,2,4,2,2,2,2,2,2,2,2,2,2,4,2,2,2,2,4,4,6,2,2,2,2,4,4,4,4,8,2,4,2,2,2,2,4,2,4,2,4,2,2,2,4,2,2,2,2,2,2,2,2,2,4,2,2,2,2,4,2,4,4,4,4,2,2,4,4,2,2,2,4,4,6,4,2,2,4,2,2,2,2,2,2,2,2,2
yuanyu:1,1,1,0,1,1,1
tenyearjianying:1,0,1,1,0,0
mobileyandifei:1,1,0,1,2,0,0,1,1,1
secondhongyi:1,0,1,1,0,1,0,1,1,0,0,1,1,0,1,2,0,0,0,0,1,0,0,1,1,1,0,1,0,1,1,1
yj_tuixinzhifu:8,0,0,0,4,4,4,4,4,8,4,4,4
tenyearyaowu:1,1,0,0,2,2,0,3,1,2,1,0,0,1,0,1,2,3,1,2,0,0,1
kangkai:3,3,1,0,1,2,4,1
bizheng:2,2,0
jixianzl:1,1,0,2,1,1,1
yhxinghan:4,4,4,4,4,2,4,4,4,4
yhyijie:2,2,2,2,2
zl_jiejiaguitian:2,0,1,2,2,1,1,3,1,1
shuaiyan:1,0,0,0,0,1,1,0,0,1,1,1,0,1,1,1,1,1,1,1,0,1,1
mobilezhiji:2,0,0,0,2,0,0
kill:3,3,3,6,3,6,3,9,3,6,3,3,6,3,9,3,12,3,3,9,3,6,3,3,3,3,6,9,3,3,12,6,6,3,3,3,3,3,6,9,6,3,6,3,3,3,3,3,6,3,3,3,6,6,6,3,3,3,3,3,3,3,3,6,3,3,3,9,3,6,6,6,3,3,6,9,3,3,3,3,3,3,3,3,3,3,3,6,3,3,3,3,3,3,15,3,3,6,3,3,9,3,3,3,3,3,3,6
secondcuijian:2,0,2,1,1,4
tenyearzishou:4,0,0,0,0,3
zhanjue:2,4,0,0,2,0
tenyearpojun:1,0,0,1,1,0,0,0,0
yhkunmo:1,1,1,1,1,1,1,1
olbeige:4,0,0,0,0,2,0,0
yonglve:1,0,0,0,1,1,0,0
jl_juehun:2,2,0,2,2,0
tenyearzhiheng:2,3,2,3,4,9,1,7,10,5,9,1,0,0,0,3,1,4,5,2,9,8,5,5,10,8,9,8,9,9,8,8,13,11,12,12,6,13,6,8,6,3,3,3,1,0,3,1
tianming:12,4,4,6,4,2,8,6,4,8,4,4,8,4,8,2,0,4,8,0,4,8,10,4,4,0,4,8,32,6,15,2,0,9,8,4,4,4,8,0,0,0,0,0,0,0,0,0,0,0,0,0,0
spzhaoxin:3,3,3,1,1,1,3,1,2,0
daigong:1,1,1,1,0,1,2
zg_minda:3,2,6,2,2
yaopei:2,0,2,2,2
binglve:2,2,0,2,2,2,0,0,2,0,0,0,0,0,0,0
zg_zhichou:2,4,2,4,5
tenyearjizhi:1,1,2,1,1,1,3,4,1,0,0,0,0,3,1,0,0,1
wuniang:2,1,1,1,0,1,1,1,1,1,1,2,1,1,0,2,2,2,2,2,2,2,0,1,1,1,1,1,2
feijun:1,1,0,0,0,0,0,0,0,0,0,0,0,0
mobilejunxing:1
mobilerenboming:1,3,1,2
ov_fupan:9,12,2,11,0,0,0,2,0,0,2,0,0,0,0,1,0,0,0,0,0,0,2
tenyearxingzhao:1,1,0
#jinqimei-effect:2
yhxiandao:2,3,0,1,0,0,3,0,0
zhiming:2,2,2,2,2,2,2,2,2,2,2,1,2,2,2,2,2,2,2,2,2,0,2,2,2,2,0,2,2,2,2
draw_phase:18,16,16,16,13,14,15,14,16,18,16,11,10,10,8,10,10,17,3,6,6,6,8,6,6,21,20,6,6,24,2,22,20,24,21,26,6,1,6,4,8,4,4,8,8,6,7,2,8,8,6,6,5,6,6,6,6,6,6,9,4,6,19,20,20,26,24,19,0,24,18,20,24,16,4,24,22,49,21,20,18,6,22,23,6,6,7,6,6,6,4,6,6,18,21,21,18,20,18,12,10,23,1,20,6,20,19,16,3,20,20,18,20,18,20,2,18,19,20,26,21,22,18,18,18,21,5,4,2,18,0,22,1,2,6,6,6,7,6,4,8,16,21,1,6,4,6,6,6,7,4,6,6,6,4,6,6,6,6,5,4,6,6,6,6,6,6,6,6,8,4,6,6,6,6,4,6,6,4,5,4,6,5,4,4,6,4,6,11,10,10,11,10,8,10,2,5,12,4,6,6,22,18,20,19,18,20,24,20,2,21,8,19,21,18,20,23,22,20,0,20,20,20,20,5,20,21,16,24,23,1,23,21,20,10,10,10,10,10,8,10,10,10,14,10,10,10,21,21,6,6,7,6,16,7,18,22,21,11,18,28,9,17,18,21,0,25,20,21,18,23,19,21,19,20,23,7,21,24,26,20,18,6,20,18,21,5,1,9,10,10,11,8,11,9,10,10,10,14,11,10
xingchong:1,3,3,3,5,4,4,3,6,5,2,5,1,4,3,6,3,7,2,4,3,4,3,4,3,5,4,1,1,4,1,6,7,2,6,7,4,1,6,6,8,1,3,4
tenyearjianxiong:2,3,3,1,1,1,1,1,1,1,0,2,3,1,0,0,0,0,1,1,1
olhujia:1,0,1
zl_caochuanjiejian:1,1,1,1,1,1,1
yj_zhengyu:2,1,2,1,2,2,1,1,1,1,1,3
ex_nihilo:2,2,2,4,4,4,2,4,4,2,4,2,2,2,2,4,2,4,2,2,6,2,2,2,2,2,6,4,2,2,2,2,2,2,2,4,2,2,2,2,2,2,2,2,4,6,2,2,2,4,4,2,2,4,4,2,4,6,2,4,2,2,2,2,4,2,2,2,2,2,4,2,2,4,2,4,4,4,4,4,2,2,2,6,4,4,2,4,2,2,2,4,2,4,2,2,2,2,2,2,2,2,2,2,2,2,4,2,4,2,4,2,2,2,2,4,2,2,2,2,2,2,4,2,4,6,4,4,2,2,2,4,4,4,2,2,4,2,2,2,2,2,2,8,6,2,2,2,2,2,2,2,4,2,2,2,4,4,2,2,2,2,4,4,4,2,2,6,4,6,2,4,2,4,6,2,8,4,2,2,4,4,4,2,2,6,6,2,2,6,2,2,2,2,2,4
yj_shushangkaihua:4,2,2,2,7,3,4,2,2,2,3,2,6
ov_dianyi:1,0
longyin:1
gushe:1,1,0,0,0,0,0,1,0,0,0,1,0,0,3,0,1,2,0,0,2,2,1,0
tianren:4,6,2,6,22,2,4,6,18,6,4,14,10,4,6,24,2,2
lilu:1,0,1,0,0,1,0
xunxian:1,1,1,0,0
guanchao:1,1,0,1,1,2,0,3,1,0
tenyearyiji:4,0,4
nosshangshi:1,0,7,6,3,1,7,3
ov_jingce:4,0,1,1,0,0,3,0
xiaoguo:1,1,0,1,0,0,1,1
enyuan:1,2,0,0,0,1,1
olshanjia:5,3,3,3,3,3,3,3,3,3,0
xuanhuo:2,2,2,2,2,2,2,2
miaoxian:1,2
hongyi:1
fuyuan:2,1,1,1,1,3,4,0,0,4,3,0,3,0
shangjian:1,2,5
olguhuo:1,2
yingrui:1,0,1,3,1,3,1,1,0,1,1,3,1,1
tenyearshenxing:2,1,2,2,1,1,2,2,2,3,3
tenyearbingyi:2,0
quanji:2,4,2,1,2,2,0,3
paiyi:2,2,2,2,0,0,2,2,2,2,2,2
tenyearfenglve:2,2,2,0,0,2,0
mobilezhijianyu:2,1,2,1
jl_zhendian:2,2,2,2,0,2,2
shunshi:1,0,1,1,1,2,2,1,0
yujue:1,1,1,1,0,0,1,1,1,1,1
jl_chailu:1,1,1,0
secondtenyearjiangchi:1,2,2
tenyeardeshao:1,2,1,2,2,2,1,2,1,0,2,0,0,0,3,1,1,3,2,1
ov_huiyuan:1,2,0
zhengsu:2
olmingren:2,2,0,0,0,0,0,0
mobilezhijianzhan:1,1,1,1,1,0,0,0,0,1,0,1,0,1,0,1,0,0,0,0,1
ov_beini:2,2,2,2,0,2,2,2,2,2,0,2,0,0,2
secondmobilezhiduoji:1,0,0,0,1,0,1,0
secondxuezhao:2,2,0,0,0,0,0
bahu:1,1,1,1,1,1,1,1,1,1,1,1,1,1,1,1,1,1,1,1,1,1,1,1,1,1,1,1,1,1,1,1,1,1,1,1,1,1,1,1,1,1,1,1,1,1,1,1,1,1,1,1,1,1,1,1,1,1,1,1,1,1,1,1,1,1,1,1,1,1,1,1,1,1,1,1,1,0,1,1,0,1,1,1,1,1,1,1,1,1,1,1,1,1,1,1,1,1,1,1,1,1,1,1,1,1,1,1,1,1,1,1,1,1,1,1,1,1,1,1,1,1,1,1,1,1,1,1,0,1,1,1,1,1,1,1,1,1,1,1,1,1,1,1,1,1,1,1,1,1,1,1,1,1,1,1,1,1,1,1,1,1,1,1,1,1,1,1,1,1,1,1,1,1,1,1,1,1,1,1,1,1,1,1,1,1,1,1,1,1,1,1,1,1,1,1,1,1,1,1,1,1,1,1,1,1,1,1,1,1,1,1,1,1,1,1,1,1,1,1,1,1,1,1,1,1,1,1,1,1,1,1,1,1,1,1,1,1,1,1,1,1,1,1,1,1,1,1,1,1,1,1,1,1,1,1,1,1,1,1,1,1,1,1,1,1,1,1,1,1,1,1,1,1,1,1,1,1,1,1,1,1,1,1,1,1,1,1,1,1,1,1,1,1,1,1,1,1,1,1,1,1,1,1,1,1,1,1,1,1,1,1,1,1,1,1,1,1,1,1,1,1,1,1,1,1,1,1,1,1,1,1,1,1,1,1,1,1,1,1,1,1,1,1,1,1,1,1,1,1,1,1,1,1,1,1,1,1,1,1,1,1,1,1,1,1,1,1,1,1,1,1,1,1,1,1,1,1,1,1,1,1,1,1,1,1,1,1,1,1,1,1,1,1,1,1,1,1,1,1,1,1,1,1,1,1,1,1,1,1,1,1,1,1,1,1,1,1,1,1,1,1,1,1,1,1,1,1,1,1,1,1,1,1,1,1,1,1,1,1,1,1,1,1,1,1,0,1,1,0,1,1,1,1,1,1,1,1,1,1,1,1,1,1,1,1,1,1,1,1,1,1,1,1,1,1,1,1,1,1,1,1,1,1,0,1,1,1,1,1,1,1,1,1,1,1,1,1,1,1,1,1,0,1,1,0,1,1,1,1,1,1,1,0,1,1,1,1,1,1,1,1,1,1,1,1,1,1,1,1,1,1,1,1,1,1,1,1,1,1,1,1,1,1,1,1,1,1,1,1,1,1,1,1,1,1,1,1,1,1,1,1,1,1,1,1,1,1,1,1,1,1,1,1,1,1,1,1,1,1,1,1,1,1,2,1,1,2,1,1,1,1,1,1,1,1,1,1,1,1,1,1,1,1,1,1,1,1,1,1,1,1,1,1,1,1,1,1,1,1,1,1,1,1,1,1,1,1,1,1,2,1,1,1,1,1,0,1,1,1,1,1,1,1,1,1,1,1,1,1,1,1,1,1,1,1,1,1,1,1,1,1,1,1,1,1,1,1,1,1,1,1,1,1,1,1,1,1,1,1,1,1,1,1,1,1,1,1,1,1,1,1,1,1,1,1,1,1,1,1,1,1,1,1,1,1,1,1,1,1,1,1,1,1,1,1,1,1,1,1,1,1,1,1,1,0,1,1,1,1,1,1,1,1,1,0,1,0,1,1,1,1,1,1,1,1,1,1,1,1,2,1,1,1,1,1,1,1,1,1,1,1,1,1,1,1,1,1,1,1,1,1,1,1,1,1,1,1
doudizhu:2,2,2,2,2,2,2,2,2,2,2,2,2,2,2,2,2,2,2,2,2,2,2,2,2,2,2,2,2
yiji:4,2,2,0,8,4,12,0,4,0,4,2,4,6,4,2,2,2,0,2,2,7,13,7,0,0,8,0,11,2,4,4,2,4,4,4,2,6,4,0,0,2,4,4,4,2,2,2,2,0,4,0,4,2,0,4,12,2,10,6,0,2,2,3,4,0,4,2,2,0,2,4
rende:4,2,0,4,2,1,2,2,4,2,2,2,1,0,1,3,3,2,2,2,2,0,0,2,2,2,1,4,0,2,3,0,1,6,5,2,2,3,3,4,2,4,4,4,2,3,2,0,3,2,2,2,2,0,2,2,2,2,2,1,3,3,2,4,0,2,1,3,1,6,3,2,3,2,2,2,2,2,2,0,2,2,0,2,2,2,2,3,4
xingbu:2,2,0,0,2,2
yhzhushi:2,1,1,2,4,0,9,8,9,6,6,6,5,1,4,4,0,4,5,4,3,0,2
shanzhuan:1,1,1,1,0,1,0,1,0,0,0,0,1,1,0,1,1,0,0,0,0,0
mobilemouyangwei:2,0,2,0,0,2,2,0,2,0,2,0,2,2,0,2,0,0
hengwu:3,0,2,3,0,3,7,8,1
qiongshou:4,0,4,0,0,4,0,0,0
nosjinxuanbei:1,1,0,0,0,0,0,0,0,0,0,0
qingshi:8,8,8,8,0,0,7
biyue:1,2,1,1,1,1,1,1,1,1,1,0,1,1,0
spzhenwei:2
f_fuhai:2,2,2,4,7,1,2,4,1,2,2,2,0,5,2,0,5,1,2,5,6,1,1,2
faen:1,0,2,2
xiaowu:10,9,10,3,3,3,3,3,3,3,3,3,2,2
tenyearluoshen:3,4,1,0,4,1,2,6,0,1,1
mobiledingpin:3,0,0
tenyearrende:3,1,3,0,0,1,4,0,2,1,0,1,0,3,5,1,2,3,4,2
kaiji:4,0,4,0,4,4,5
huaping:2,0,0,0
secondmansi:4,0,3,5,1,0,0,0,8,0,6,5
moukui:2,2,0
shangshi:1,0,0,0
jianxiong:1,1,2,0,2,1,2,1,0,0,1,0,2,1,0,0,0,0,0,0,0,0,0,0
jiefan:2,0,0,0,0,2,0,0,3,2,0,0,0,0,0,0,0,0,0,0,0,0,0,0,0,0,0,0,0,0,0,0,0,0,0,1
olchuyuan:5,8,1,8,4,0,0,6,2,7,0,0,0,0,0,0,0,0,5
qingman:6,1,4,5,9,4,1
secondzhanyi:3,0,0,0,3,0,0
beizhan:1,0,2
ov_zhengjian:4,2,0,0,0,0,0,1,2,2,2,1,0,0,0,0,1,3,3,5,3,3
longnu:1,1,0,1,1,1,1,1,1,1,1,1,0
newshuliang:2,4,4,6,0,2,0,2,0,2,2,2,2,0
tianyun:4,0,1,0,0,0,1,4,4,4,2,0,1,0,4,3,0,2,0,0,0,0,0,0,0,0,0,4,1,0,0,0,0
liangyin:1,1,4,4,3,1,2,3,2,1,1
mobilequanji:2,3,2,2,0,0,1,1,0,2,2,3
zuoding:1,0
tenyearfenyin:4,4,4,4,2,2,2,4,2,4,3,3,4,3,0,3,3
zili:2,0,0,0,0
ov_yuanhu:3,2,3,0,0
yuyan:2,0,0,2,2,2,2,2,2,2,0
lianpian:1,0,1,0,1,1,0,1,0
tenyearzhengnan:1,2,0,8,12,4,0
tenyearqingren:1,0,0,0,1,1,0,0,0,0,0
pojun:1,0,0,0,5,0,2,0,0,1,0,0,0,0,0
zhaxiang:3,3,3,3,0,0,3,3,3,3,3,3,0,3,0,0,3,0,3,0,0,3,3,0
anxian:2,0,2,1
zhanyi:2,0
mtjiye:4,2,4,2,1,4,2,2,1,0
mtwenqi:2,2,0,0
yijiao:2,2
olhaoshi:3,0,3,3,3,0,0,3,0
duanfa:2,0,8,11,4,2,0,3,1,0,0,1,1,0,1
spyoudi:1,1,0,0,1,1,0,0,1,1,1
xiaoji:6,0,2,2,4,4,2,4,8,6,0,2,0,4,2,6,0,0,2,2,2,8,2,2
oldimeng:4,7,9,6,0,3,0,0,0,10,5,0
jiang:3,0,0,3,1,2,1,0,3,0,0,0,0,0,1,1,0,0,0,0,1,2,0,1,1,0,2,1,0,2,0,1,1,2,1,2,0,1,1,1,0,2,2,0,1,2,0,0,1,0,1,1,0,0,0,2,2,0,3,1,2,0,0,1,1,1,0,1,2,0,1,0,0,0,1,0,1,3,1,1,0,3,0,1,0,2,0,1,0,0,0,0,0,2,1,1,0,0,2,0,2,1,1,1
tytianren:8,4,6,2,2,0,2,0,2,0,0,2,0,2,0,0,0,0,0,0,2,0,0,0,0,0,2,0,2,4,4,6,6,6,8,6,2,2,4,6,0,22,2,0,18,4,4,2,2,2,0,2,0,2,2,0,0,2,2,4,6,4,2,2
shuliang:2,0,2,2,2,2,2,0
ov_lingfa:3,0,3
ov_qongji:2,2,0,1,0,1,1,1,1,1,3,1,1,0,1,1,1,1
jingce:2
shiyuan:3,3,0,3,6,3,3,0,0,9,9,2,2,6,13,2,6,5,0,1,0,3,0,2,0,0,0,2,6,1,3,2,8,3
cuijian:4,1,2,2,2,2,2,1,2,0
wangxi:2,2,4,2,6,0,4,2,10,8,2,0,2,2,2,2,2,10,2,2,0,0,6,0,2,0,4,6,6,2
tenyearenyuan:1
mobilexingxue:2,2,1,1,0,2,0,4,8,8,4
ov_qingkou:1,1,1,1,1,1,1,1
beige:2,2,0
lulve:3,2,0,0,0,0,3,0,0,1,0,0,0
mobileshenxing:1,3,5,2
jieming:5,1,3
wenji:1,1,1,1,1,0,1,1,1,1,1,1,1,1,1,1,1,1,1,1,0,1,1,0,1,1,1,1,1
mobileyanzundi:3,3,0,0,0,0,0,0,0,3,0,0,3,0,0,0,0,0,3,3,0,0
luochong:2,2,2,2,0,0,0,0,0,0,0,0,0,0,0,0,0,2,0,2,2,0,0,2,0,0,0,2,0
haoshi:3,0,4,0,0
xianshuai:1,0,0,0,1
anxu:1,1,1,1,1
xiashu:6,6,5,0,6,4,3,4,5,6,6,7,5,3,3,4,6,8,8,0,1,3,0,7,0,0,3,4,0
fangzhu:1,1,0,0,4,0,2,4,0,0,3,2,2,0,2,1,1,2,1,0,0,2,0
tenyearanxu:1,1,1,0,0,0,1
jinjianhui:1,3,0
jinxuanbei:1,1,0,2,1,0,0,1,2,0,0,0,0,1,2,1,1,1,2,0,1,1,0,0
weimeng:4,4,4,3,3,0,4,1
congjian:2,0,2,0,0,0,2,3,0,2,4,0,0,6,0,0,2,2,0,2,0,0
mouzhu:1,0,1,0,1,1,0,0,0,1,1,1,1,1,1,0,1,1,1
mobilejieyue:3,0,0,0,0
dimeng:9
kofxiaoji:6,0,6,10
renzheng:2,4,4,4,2,4,2,0,2,2,2,2,6,4
xuhe:2,0,0,2,2,0,2,2,2,2,0,0,0,0,0,0,2,2,2,0
zhengnan:3,0,3
mobilegongqi:1,0
mobilezongxuan:1,1,0,1,1,1
yhceri:4,4,0,4,0,4,7
mobilebeige:6,0,0,6,0,0,3,0,0,0,0,0,0,0,0,0,0,0,0
tytianrenBN:4,4,2,4,10
zhiyan:1,1,0,1,1,1,1,1,1,1,1,1,1,1,1,1,1,1,1,1,1,1,1,1,1,1,1,1,1,1,0,1,1,1,1,1,1,0,1
diting:2,6,2,4,2,4,4,0,0,2,0,0,0,0
fuhaisc:2,2,0,0,3,0,1,1,2,0,2,1,1,0
tenyearmingjie:1,3,0,0,3,3,0,0,0
lingren:2,2,2,2,0
luajuying:3,0,0,2,0,0,0,0,0,0,0,0,0,0,0,0,0,0,0,0,0,0,0,0,0,0,0,0,0,0,3,0
mobilefangzhu:3,0,1,1,2,3
luaangyang:5,3,1,3,1,1,1,4,1,0,1,1,1,0,1,0,1,1,0,2,0,2,2,0,0,1,0,2,1,4,2
jinzhi:2,1
mobilezaiqi:2,0,1,0,1,2,2,0,2,2,0,1,4,3,1,2,2,0,3,2,1,2,1,2,0,0,2,3,3,0,0,2,2,4,2,1,0,1,5,3,1,0,1,3,4,4,4,2
qinqing:4,0,0
zhiheng:3,3,3,3,3,1,0,3,4,5,0,2,0,4,1,1,2,1,5,0,0,0,5,4,3,1,1,2,0,3,0,2,3,1,0,1,0
tenyearzhiyu:1,2,2,1,0,0,2,0,1,2,0,0,0,1,0,0,1,1,1,0,1
olchangbiao:1,0,0,4,0,1,1
niepan:3
newjuejing:2,8,2,3,2,0,1,3
qieting:3,1,0,0,1,0,0,1,0,0,1,4,2
jincaiyuan:2,2,0,2
yhpodi:1,0,0
langmie:7,5,3,3,0,2,2,1,2,0,0,1,1,5,2,2
ov_daoji:1,1,0,0
duoshi:8,0,10,0,0,0,16
kuangcai:4,0,1
mobilepolu:3
congshi:8,8,3
jueman:1,1,0,0,2,1,0
yingtu:2,1,3
tenyearbiyue:1,1
sushou:6,12,12,32,9
olshenfu:3,0,0,0
jili:1,1,2,2
mobilerenrenshi:1,4,1,1,0,4,5,3,3
tenyeargushe:1,0
kuiji:1,0,0,0,0,1,0
tunjiang:4,0,0,0,0,0,0,0,0,0,0,0,0,0,0,0,0,0
wuyuan:2,2,2,3,0,3
bingqing:2,2,0,2,2,2,0,2,2,0,2,2,0,0,0
mansi:5,0,5,0,1,0,0,0
mobilejianying:1,1,1,2,2,3,1,1,0,1
tenyearkuanggu:2,0
jianliang:2,2,0
tenyearjiefan:1,8,7,0,0,0,3,0,0,0
mobilewangzun:6,2,3,6,2,2,3,3,1
piaoping:1,4,1,2,2
#tenyearfanghun:1,1
tenyearqianxi:1,1,1,1,1,0,1,1
tenyearliying:2,4
mingjie:2,2,2,0,0
tenyearlixia:6,6,5,5,6,7,0,7,0
bushilk:2,0,5,1,0,2,1,1,3,1,0,0,1
tenyearfuhan:2,0
#ov_chunshubf:2
mobileyongxiangzhen:4,0,2,0,0,0,0,0,0,0,0,0,0,2,2,2,0,0,0,0,0
mobileyongfangzong:8,7,6,1,1,2,2,2,0,0,1,2,3,8,7,4,5,4,4,3,3,2,7,5,6,9,8
tenyearjiezi:1,1,0,1
huantu:1,0
bihuo:3,0
rangjie:4,0,3,0,7,1,3,1,0,2,2
jinshidu:2,0,4,0,2,0,0,3,0,1,0,0,1,0,0,0,0
ov_yangming:3,3,2,2,3,2,3,3
yuanmo:2
ov_kaizeng:3,12,3,3,6,0
tenyearqiuyuan:2
tiqi:2,1,4,0,1,7
fanjian:1,0,1,1,2,1
tuqi:1,1,1,0,2,1
LuaJianxiong:1,0,9,6,3,0,0,5,0,0,0,1,6,0,1,0,1,0,0,2,7,0,9,3
huishi:4
newtianming:6,4
tenyearshuhe:1,1,0,0,0,1,0,0,0,0
olninge:1,1,0,3,0,0,1,1,1,3
zhangji:2,0,0,2,2,0,0
tenyearqieting:1,1,0,4,1,2,2,2,0,3,2,3,1,1,1,0,0,2
mobilerenguying:1,0,0,0,1,1,1
tenyearjingce:2,0,2,2,2,2
shenxian:1,4,4,3,11,14,7,7,7,8,2,2
tuifeng:2,0,6,0,0,0
nifu:1,3,2,2,2,3,3,1,1,0,2,3,4,4,2,2
heqia:3,0,3
FourQixiA:3,2,1,0
yingbing:2,2,0
zhiyu:2,0,2,2,1
secondmiji:4,4,0,4,6,10,0,3,3,2,0
fengji:2,0,0
mobileqingxian:1,1
LuaGuizha:1,0,1,1,2,0,0,0,0,1,0,0,0,0,1,1,0,1,0,1,0,1,0,3,0,1,1,2,1,1,1,1,3,3,1,0,1,1,2,1
yhjuxian:1
secondtunjiang:3
FourJianxiong:1,1,0,2,4,3,3,4
tenyearzhenjun:1
xueji:2,0,0
bingzheng:1,0
tenyearyajiao:3,0,2,3,0,1,1,0,3,0,4,0
SixHusi:1
spkuizhu:3,0,0,0
tenyearxingxue:3,1,0,2,2,0
mobileyongdengli:1,0,0,2,1,1,0,2,0
chaofeng:2,4,1,0,2,0,0,2,2,2,2
yishe:2,0,2,2,2,0,2,2,0,2,0,2,2,0,2,0,2,2,0,2,2,2,0,0,2,4,2,2,2
songshu:4,4,4,4,4,0,4,4,4,4,0,4,4,4,4,0,4,4,4,4,4,0,4,4,4,4
shude:1,3,3,3,1,0,1,0,0,0,0,0,3,3,3,2
sibian:2,2,2,2,2,0,1,0,0,0,0,0,0,0,0,2,2,2,0,2,1
jinchuanwu:2,3,0,6,3,3,1,0
ov_cuorui:5,0,0,0,0,0,0,0,0,0,0
yicheng:6,3,7,5,3,2,4,0,0,3,2
benyu:5,4,0,0,3,2,0,4,0,0,1
PlusChenghao:2,0,0,0,0,2,0
liewei:6,0,0,3,6,0,0,0
ov_liewei:2,0,0,0
secondwuniang:1,1,2
SixZhidi:2,2,0
cansi:2,4,2,6
yhqizu:12,0,6
midu:3,2,0,1,0,0,1,0,3,1,1,3,0,1,0,1,0,0
mobileniepan:3,3,0,3,0
nhxianshou:2,0,2,0,2,0
guju:5,0,4,2,1,1,0
ov_suizheng:2,0
jinzhaoran:2,0,1,3,0,2,0,0,0
lixia:3,3,5,5,4,2,1,1,4,6
jugu:3,0
SixSanceCard:2
olzaiqi:4,1,3,0,2,2,3,2,3,0,3,3,1,1,1,2,1,1,3,1,0
huagui:3,0,4,1,0,0,1,1
tenyearsongci:2,4,0,2,0,0,2,0,6,0
ov_danfa:2,0,0,1,1,0
bifa:2,2,0,2,2,2
olwuniang:1,0,0,0,1,1,0,1,0,1,1,1
tenyearlongyuan:2,0,0,2,0,0
tenyearyouxu:3,1,1,1,1,0
ov_yuhua:3,0,0,2,5
olniepan:3,0,3,0,0,3,0,0
xingzhilve:1,1
canshi:6,6,3,0,5,4,4,0,0,0,0,0,0,0,0
newhuxiao:2
fengjie:1,1,0,1
tuoxian:2,0,0
mobilexinguixiu:1,0,0,0
huituo:2,0,1,0,0,1,0,0,1,0,0,2,0,1,1
olfuman:2,1,0,3,2,1,2,1,4,1,0,1,1,1
mingjian:7,0,4,5,3,0,0,0,3,0,0,2,0,0
shoucheng:2,0,0,0,0,1,2,1,0,2,0,1,0,2,1,0
shengxi:2,0,2,2,2,2,2,0,0,2,0,0,2
olpiaoling:1,0,0
tenyeartaoluan:1,0,1
tenyearqiaoshi:2,0,0,6,0
tenyearyjyanyu:2,2,0,3,3,3,1,3
tenyearxuewei:2,0
lizhan:3,1
tyhengwu:2,5,0,3,3,4,0,5,1,2,1,1,1,11,1,3,9,17,1,6,7
tenyearfuli:2,0,0,0,0,3,0
mobilezhimiewu:2
SixChouyuan:2
newzhongyong:1,0,0,1,0,0,0,0
mubing:2,1
zhongzuo:12,5,5,3,6,6,6,9,2,2,0
daili:3,6,6,6,3,0,3,0
boyan:1,4,0,4,2,2,4,3,3,3,0,2
tenyearjieyin:1,1,1,1,0,1,0,1,0,1,0,0,1,1,0,0,1
tenyearaichen:2,0,0,2,0,2,0,2,2,0,2,2
tenyearzhuiyi:6
yongsi:2,0
suishi:6
qingjue:1,1,0,1
minsi:6,0,6,6,2,6,10,4
secondzhiyi:1,2,1
SevenJiujia:4,4,0,6,0,4,16,0,0,0,2,0,0,2,0,0,0,4
mingluan:8,3,3,2,4
zhige:1,0,0,0,1,0,1,1
tianze:1,1
liandui:2,2,2,4,6,4,2,2,4,2,0,2,2,0,0,0,0,0,0,0,0
guose:1,0,0,0,1,0,0,0,0,1,1,1,1,1,1,1,1,0,1
PlusKurou:2,0,0,0,0,2,2,2,2,0
tenyearjinjie:2,4,1,0
xixiu:1,1,0,2
luaguidao:2,1,0
chenjie:2,0,4,4,0,2,6,2,0,0,2,4,0,2
olmiji:2,2,1,1
ov_shengxi:1,1,0
f_lingce:1,0,0,1,0,2,0,7,3,1,0,0,1,0,0,5,3,6,5,10,4
tenyearzhanyi:4,0
ov_bingde:3,2,7,0,0,0,1,4,0,0,3,4,2,0
PlusShiyong:1,0,0,4,1,1,0
caiyi:3,0
mobileyingyuan:3,1,1,4,4,0,2,2,0,0,1,1,1,2
joytaoxian:5,1,3,7,3,1,0,3,2,1,2,2,0,1,1,2
jiewei:1,1,1,1,1,1,0,1,1,0,1,1,1,1,1,1,0
jushou:1,0,1,0,1,0,0,1,0,0,1,0,1,0,1,0,0
guixiu:2
cunsi:2
f_shenzhuo:7,0,0,4,0
f_powei:1,0,0
mobiledanshou:1,2,1,0,0,0,0,1
secondtenyearzhenjun:1
daoshu:1,1,1,1,1,0,1,0
mobilexinlirang:1,1,1,0,0,1
weicheng:1
fenji:2,8,2,2,0,0,4,0
tenyearjushou:4,0,4,4
oljingce:3,3,3,1
feiyang:2,2,0,0,0,0,0,0,0
jinhuaiyuan:1,0,0,0
guidao:1,1,1,0
secondzhihu:1,0,0,0
oljiezi:1,1,2,0,0,0,0,1,0,0,0
kuimang:2,0,0,0,0,0,0,0,0,0,0,0,0,0,0,4,2,0,2
ov_fengpo:1
beizhu:1,1,0,0,0
ov_jilun:2,0,0
yaoming:1,0,0,0,0,0,1,0,1,1,0,0,1,0,0,0,0
tenyearliyu:1,0,1,1,1,0,0,0,0,0
olguidao:6,0,1,1,1,1,0,0,3,0,0,0,2
jinzhongyun:1,1
SixHuwei:1,1,1,3,1,3,4,2,4,4,1,2
cuijin:2,1,0,3,0,1
jinglan:4,0
tiansuan:2,0
mobilemoutieqi:2,2,0,0,0
tenyearjiangchi:1,1
zhouxuanz:12
ov_shezhong:3
PlusLiangjie:1,1,1,1
zhukou:6,0,1
yuyun:3,2,5,0,2,4,4,3
shifei:1,2
FourXuehen:2
tenyearjigong:2,3,0
f_shenzhuoo:5,0,0,3,0,0
secondjinzhi:2,1,0,1,1,0,4
yaowu:1,0,1,0,0,0,0,0,2,0,0
mobilexinxunyi:2,1,3,0,0
secondtenyearchunlao:2
ov_linglu:2
eqiehu:2,4,2,2,2,2,2,2,2,4,4,4,2,0,0
cuichuan:1,0,1,2
yhqingsi:2,2,0,0,0,0
SixYangShi:2,2
ov_xiongjun:2,1,4,0,6,6,4,4
ov_shigong:1,0
SixWulve:2,0,0,2,6
olzhiji:2,0,0,0,0
yhyingfu:2,2,4,6,2,2,2
mobilespqianxin:4,2,2,4,0,2,2,1,2,2,0
yhnabi:2,0,2,0,0,2
tenyearxizhen:2,3,0
xuezhao:2,2,0,4,4,2,4,0,6,2,8,0,2,2
qingtan:1
koulve:2,0,0,0,0,0
moushi:1,0
fenglve:1,0
ov_fuman:4,1,0,0,0,3
xibing:4,3,0,0,2
zhengu:3,0,2,2,2
zhuning:1,3,7
ov_juxiang:1,1,1,1
fengxiang:2,1
#zhengueffect:2,0,3,0,0
chenqing:4,24,16
PlusZhiheng:3,1,1
huangtian:1,0,1,0,0,0,0,1
ov_jiange:1,0,0,0,0,0,0,0,1,0,0
jijie:1,1
tenyearwuyuan:4,0,4,0,3,4,0,4,4,4,0
jiyuan:3,2
kangge:2,3,0
nosjizhi:1,5
wanrong:1,2,1,2
echizhong:2,3,1,4,1,0,0,0,1,1
mtfengshang:1,1,0,0,4,1,1,0,1,2,0,2,0,2,1,1,1,1,1,2,1,1
PlusDuoshi:2,1,0
tongqu:1,0,0,0
ov_shijun:1,0,0
zaowang:3,0,0
yhmeiying:1,0,1
xianlve:2,0
mumu:1
secondchaofeng:1,2,2
tenyearsigong:5,4
fuman:2,1,1,0,0,0,0,0,1
spliewei:1,0,0,0
mtrenyu:1,0,0,1,0,0,0,0,1,1,4,0
mobilemoujiuyuan:1,1,2,0,4
nhyinbing:1,1,0,1,0
nhguizhu:2,0,6
gongxiu:5,4,4,4,5
nhhuoqi:1,0,0,1
PlusXiejia:4,0
yhquanwang:1,4,0,0
secondkangge:4,3,2
ov_qiushou:5,0
xiongrao:5
ov_zhenjun:1,3,2,2,1,0,1,0,0
lanjiang:4,5,3,3,3,3,4,3,4,2
fuhan:3
qiangzhi:3
ov_boming:4,4,4
liangying:2,4,4
ov_fenghan:1,0,1,1,1,0,1,0,1,1,1,1,1,0,0,0
tenyearqingcheng:10
#olfanghun:2,1,0,1,0,0
meizlyanhong:1,1,1,0,0
meizlyangxiucard:2
liedan:8,8,4,7,7
tenyearzhiyan:1,2,2,2,2,2,0
zhafu:1,0,2,0,0,0,0,0,0,0,0,0,0,0,0,0,0,0,0,0,0,0
channi:4,4,6,6,5,2,0,0
tenyearhuaiyi:1,0,0
PlusYizhong:1,1,1
ov_yizhu:2,2,3,2,3,3
mobileyongzaoli:4,5,2,0
yhxijian_give:2,0,0,0,0,0,0,0,0
olhuangtian:1,0,1,1,1,0
zhihu:4
FiveLeiji:3,4,3,0
tenyearxuanhuo:2,2
zhongjie:1,1,1,0
ov_moukui:2
mobilefenji:2,0,0,2,0,0,2,0,0,0,0,0,0,0
ov_liechi:10,0,0
xiangshu:2,0,0
huizhi:3,0,2
jijiao:4,3,4
meizlluohong:1,1,1,2,0,0,0,0
yanzhu:1,0,0,0
indulgence:1
mobileqieting:2,2,2,3,3
danlao:1,3,0,0
jiaoying:4,0,4,0
meizlsedangyang:9,8,9,7,6,0,0,0,0,0,0,0,0,0,0,0,0,0,0,0,0,0,0,4,0,3,4,4,4,2,2,2,2,4,0,4,0,0,4,3,2,2,0
bazhan:1,0,1,0
olweizhong:2,2
oljuyi:9,0
guolun:3,3,3
zhanji:2,0
ollijun:1
dianhu:1,0,0
jianji:1,0
neifa:10,4,2,0
ov_chongwang:1,0,0
yongbi:5,0
du_zhouxuan:12,9
yhbianzhan:8
lianying:2,1,0
tenyearmingce:3
_ov_tiaojiyanmei:1
spmouzhu:1,1
anguo:1,0,0,1,1,1,1,1,1,1,1,1,1,0
mobilecanyun:1,0,0,1,0,1,0,0,0,0,0,0,0
SixLongdan:1,0,0
zhiwei:3,1,1,0,0,1,1,0,1,1,0,1,3
qianxun:2,0
hongyuan:2
xingzhiyan:3
zhenshan:5,3
lianzhi:2,6
jinzhuosheng:1,1,0,0
shanjia:3
PlusGuidao:4,2,0,1,0,0,0,0,0,0,0,0,0,0,0,0,2,2,0,0,0,1,0,0,0,0,0,0,0
#tianxiang:2,0,0,0,0,0,0,0,0,0,0,0,0,0,0,0,0,0,4,0,0,1,1,0
jiexun:1
_ov_mantianguohai:4
SixJushou:2,0
zhengxu:1
mobilemieji:1
lingce:1,6,4
tenyearlianji:1,0
mingzhe:2
