gongxin:1,0,0,0,0,0
dismantlement:2,0,0,1,3,2,3,1,3,1,1,1,2,1,1,2,3,2,2,2,3,2,2,1,2,1,1,1,2,1,1,3,2,1,3,2,3,1,1,1,2,2,1,1,1,1,1,1,1,1,1,1,3,2,1,1,2,1,2,2,1,2,5,2,3,4,3,1,2,3,1,1,1,2,2,2,2,3,1,2,4,1,1,1,2,4,2,3,2,2,1,2,3,2,3,1,2,4,1,3,1,2,1,1,1,3,5,1,1,1,1,1,3,1,1,1,1,2,1,2,1,1,1,1,1,1,2,1,1,1,2,1,1,1,2,1,1,1,1,2,1,1,1,1,1,1,1,2,2,2,1,1,1,1,1,1,2,2,3,2,2,3,1,2,2,2,1,3,3,1,1,1,2,1,1,1,1,1,1,1,2,1,2,2,1,1,3,2,4,1,4,3,2,1,2,1,3,1,1,2,3,1,4,1,2,1,4,1,3,2,2,3,1,1,1,1,1,1,1,2,1,1,1,1,1,1,1,1,3,2,1,1,1,1,2,1,1,1,1,1,1,1,1,1,1,2,1,1,1,1,1,1,1,2,3,4,2,4,1,1,2,4,2,13,2,1,4,2,2,2,1,2,1,1,1,5,4,1,3,1,3,1,2
olchezheng:1,0,0,1,1,1,1,1,1,1,1,1,0
zhujinqiyuan:2,1,1,1,1,1,1,1,1,1,1,1,2,1,1,1,1,1,1,1,1,1,2,1,1,1,1,1,1,1,1,2,1,1,2,1,1,2,2,1,2,2,1,1,1,2,1,1,1,1,2,1,1,3,1,2,1,1,1,1,1,1,1,1,1,2,1,3,1,1,2,1,1,1,1,2,1,2,3,1,1,1,1,1,1,1,1,1,1,1,1,2,1,1,1,2,1,1,1,1,1,1,1,1,1,1,1,1,1,1,1,1,1,1,1,1,1,1,1,1,1,1,1,1,1,1,1,1,1,1,1,1,1,1,1,2,2,1,1,1,1,2,2,2,1,1,1,2,1,1,3
mobiletiaoxin:1,0,1,0,1,1,0,0,0,0,0,0,0,0,0,0,1,0,0,1,0
oljianchu:2,1,1,2,0,3,0,1,0,1,1,1,1,2,0,1,1,1,0,1,1
dummyReason:1,1,1,1
yonglve:1,1,0,0,1,1,2,0,0,1,0,0,0,1
jl_xiance:1,1,0,2,1,1,1,0,1,0
yj_shushangkaihua:1,2,2,2,1,1,1,2,1,2,1,1,1,2
YjPoison:12,6,4,39,4,18,29,6,6,26,13,6,4,4,3,12
gamerule:7,7,7,7,9,8,6,3,1,7,2,2,4,2,3,1,2,1,9,2,1,3,1,2,8,12,7,2,1,10,8,8,10,1,16,3,5,3,2,3,3,2,1,1,2,3,2,6,2,1,6,1,6,2,3,8,10,11,7,7,2,4,11,1,2,3,3,7,7,13,4,9,5,3,1,2,1,1,1,4,3,8,6,2,9,2,7,0,9,4,26,12,1,4,3,6,8,3,4,2,12,8,5,4,3,7,4,8,2,3,1,1,5,2,1,2,1,3,1,1,2,1,1,1,1,1,1,1,2,2,2,2,2,7,2,4,1,1,1,3,3,2,1,1,2,6,1,2,5,2,2,5,6,1,3,1,1,6,2,1,2,1,2,6,14,4,4,2,6,5,5,7,2,4,8,8,6,5,6,10,9,4,1,3,5,3,7,4,0,11,2,1,5,2,3,4,2,6,2,3,2,2,1,6,1,2,2,1,1,1,1,15,3,5,7,5,11,5,9,6,11,5,13,4,1,7,4,4,8,3,7,5,13,4,3,7,9,7,0,3,4,3,1,1,3,3,3,3,2,7,7,6,2,6,3,2,4,7,4,4,1,6,2,2,1,2,1,1,1,6,4,10,1,2,4,13,5,4,3,3,4,9,8,4,15,8,6,5,5,8,1,11,3,3,6,5,5,19,9,3,2,8,7,10,23,12,2,3,17,11,40,25,7
yj_tuixinzhifu:2,2,4,2,2,2,2,2
zl_nvzhuang:2,1,1,2,1
IceDamagePrevent:2,2,2,2,2,2,2,2,2,2,2,2,2,2,2,2,2,2,2,2,2,2,2,2,2,2,2,2,2,2,2,2
olqiaobian:1
dummy:1,1,3,4,4,1,7,1,1,2,2,4,1,3,3,1,2,1,3,4,1,1,1,1,2,1,1,2,3,4,1,6,1,3,3
yongsi:3,3,0,3,3,3,3,4,0,4,0,4,0,0,0,2,0,2,2,2,2,2,4,0,4,4,4,4,0,4,4,4,4,4,4,3,2,2,0,4,4,4,4,3,2,2,2,2,4,4,4,2,2,0,4,4,0,3,3,3,0,3,3,3,6,0,0,5,0,5,0,6,0,0,4,4,0,0,0,2,0,2,2,2,2,2,2,2,2,2,2,2,2,2,3,6,3,0
chezheng:1,1,1,1,0,1,0,1,1,1,1,0,0,1
tianjitu:1,1,1,1,1,1,1,1,1,1,1,1,1,1,1,1,2,1,1,1,1,1,1,1,1,1,1,1,1,1,1,1,1,1,1,2,1,1,1,1,1,1,1,1,1,1,1,1,1,1,1,1,1,1,1,1,1,1,2,1,1,1
olshanjia:3,2,2,0,0,3,3,1,1,0,0,3,2,0
zl_wufengjian:1,0,0,0,1,0,1,0,1,1,2,0,0,0,0,0,0,0,0,0,0,0
xingxue:2,2,3,3,1,1,4,1,0,1,1,5,3,2,2,2,2,2,3,2,0
dummyreason:1,2,2,4,6,2,2,3,5,8,3,2,4,8,1,3,9,2,4,8,4,1,1,1,1,1,1,3,2,1,2,2,5,2,2,2,2,1,1,2,1,3,2,5,2,2,8,21,0,5,6,2,3,1,2,19,2,0,4,3,1
yanzhu:1,0,1,1,0,0,0
quanji:2,4,2,2,2,3,2,2,3,1,2,1,1,1,0,3,1,0,1
shuaiyan:1,1,0,0,1,1,1,0,1,1,1,1,1,1,0,1,1,1,1,1,1,1,1,1,1
jl_qianxue:1,0,0,0,0
yujue:1,1,1,1,0,0,1,1,1,1,1
olnewzhuiji:1,4,2,0,0,1
oljieming:2,4,0,0,0,0,0,0,0,3,2,10,0,0,1
tianming:2,4,2,2,2,4,0,2,6,2,2,4,2,8,2,8,0,8,4,2,4,16,2,4,0,0,0,4,2,2,2,8,0,0,0,0,0,0,0,0,0,0,0,0,0,0,2,0,4,0,6,2
tenyeardeshao:1,1,1,0,1,0,0,1,0,2,0,0,0,1,1,1,1,0,1,1
olmingren:1,1,0,0,0,0,0,0
zfduanhe:1,0,1,0,0,1,1,1,0,0,0,0,1,1,1,1,1,1,0,1,0,1,0,1,0,1,0,0,0,1,0
yiyong:2,0,2
yiji:1,0,0,0,5,1,3,0,0,0,2,1,2,1,0,0,0,0,0,1,3,4,1,0,0,2,0,4,1,1,3,1,0,2,1,1,1,0,0,1,1,1,1,0,0,1,0,0,1,0,1,1,0,0,2,0,2,0,2,1,2,1,1,3,0,0,1,0,0,5,4,0,1,1,1,0,0,0
yhzhushi:2,1,1,2,4,0,8,8,8,6,6,6,5,1,4,3,0,4,5,4,3,0,1
sijian:1,0,1,0,1,0,0,1,1
gongjian:4,2,2,0,2,2,0,0,0,0,1,0,0,0,0,0,0,0,3,4,2,2,6
sp_zhenwei:2,2
moukui:8,4,0,2,4,1,1,1,2,0
pingxi:5,4,0,1,2,1,5,4,3,0
ov_enyuan:3,0,1,1,1,3
tiaoxin:1,0,1,0,1,0,0,1,0,0,1,0,1,0,1,1,1,0,0,0,0,0,0,1,0,0,1,1,0,0,1,0,0,0,0,0
ov_liechi:1,0,10,0,1,1,0,5,0,1,3,1,0,1,0,0,0,0,2,2,0,1,0,1,9,4,14,2,1
mobilegongqi:1,0,0,0,0,0,0,1,1,1,1,0,1,0,1,0,1,1,0,1,1,1,1,1,1,0,0,0,1,1,1,0,1,1,0,1,0,1,1,0,1,1,1,1,1,0,0,1,1,1
olchuyuan:5,5,1,8,3,0,0,6,1,6,0,0,0,0,0,0,0,0,5,2,4,1,0,3,6
weipo:1,1,1,1,0,0
ov_zhengjian:4,2,0,0,0,0,0,1,2,2,2,1,0,0,0,0,1,2,3,5,2,2
liangyin:1,1,0,0,1,0,0,1,0,0,0
ov_yuanhu:1,0,1,0,0
yinghun:1,1,0,0,0,2,2,1,1,1,0,0,1,1,2,1,2,1,0,0,0,1,1,1,2,0,0,0,0,0,0,0,2,2,0,0,0,2,0,2,0,2,0,3,0,0,0,2,0,0,2,3,2,0,0,0,0,0,0,0,0,2,0,0,0,0,0,4,2,3,4,0,0,0,0,0,0,0,0,3,2,0,2,0,0,0,3,0,2,0,0,0,0,0,0,2,1,1,1,1,1,1,0,1,0,1,0,0,0,4,1,1,1,0,1,1,0,2,1,1,0,1,1,5,1,1,0,1,1,0,1,0,1,1,1,1,1,0,1,1,1,1,1,1,1,2,0,3,0,1,1,1,2,0,1,1
duYinling:1,1,1,1,1,1,1,1
mtwenqi:2,3,2,1,2
spyoudi:1,1,0,0,1,1,0,0,1,1,1
tenyearkuangfu:3,3,0,1,0,1,1,1,1,0,0,0,2,0
tunchu:1,1,1,1,1,1,1,1
zhanmeng:4,0,0
tenyearwurong:1,0,1,1,1,1,1,0,1,1,0,0,1,1,1,1,1,1,1,1,1,1,1,1,1,1,1,1,0,1,1,1,0,0,1,1,0,1,1,0
ov_zhian:1
ice_sword:2,2,2,2,2,2,2,2
qixing:7,0,7,0,7,0,0,0,0,7,0,0,0,7,0,7,0,0,0,0,0
cuijian:2,1,1,1,1,1,0,1,0
shanxi:1,1,0,1,0,1,0,1,0,0
mobilexingxue:2,2,1,1,0,2,0,4,8,4,3,2
beige:1,0,2,2,0,3,2,1,1,4,0,0,0,0,0
luochong:2,2,2,2,2,3,0,2,2,2,6,2,0,0,0,2,2,2,4,2,2,4,2,0,0,0,0,2,6,4,2
tenyearxuanfeng:2,4,2,6,2,0,2,0,2,2
xiashu:1,1,1,0,1,1,1,1,1,1,1,1,1,1,1,1,2,2,2,0,1,1,0,2,0,0,1,1,0,1,1,1,1,0,1,1,1,1
jinjianhui:2
weimeng:5,4,5,2,4,0,5,1,5,5
dingcuo:1,0,0,1,0,0,1,2,1,2
kuiwei:1,4,0,3,0,3,0,0,0,2,2
xuhe:3,3,3,1,7,0,3,3,3,3,2,3,3,1,2,2,2,2,2,2,2,2,2,2,2
olchenqing:4,4,8,4,4,4,4,4
huyuan:1,0,0
mobileniluan:1,1,0,1
mobilebeige:2,0,0,2,0,0,0,0,2,0,0,0,0,0,0,0,0,0,0
cuike:1,1,0,1,1,0,1,1,0,1,1,0,1,0
mobilezongxuan:1,1,0,1,1,1
#yhhuairen:1,1,1,0,0,0,0,0,0,0,0,0
jinzhongyun:1,1,2,2,1
luaxiongfeng:1,3,2,1,2,2,1,0,0,1,0,0,0,1,2,1,0,2,1,1,1,1,1,0,1,1,1,1,1,0,1,1,1,1,1,1,1,0,1,1,2,2,2,4,1,1,3,4,1,2
beizhu:1,1,1,1,1,0,0,1,1,1,1,0,1,1,1,1,1,1,1
secondmobilexinqingyu:2,0
qinqing:2,0,0,2
tenyearzhiyu:1,1,2,1,0,0,2,0,1,1,0,0,0,1,0,0,1,1,1,0,1,6
ov_zhenxi:1,0,3
liejie:1,0,0,0,2,0
jinhuirong:4,0,0,0,0,1,0
qiaoyan:1,0,0,1,2,0,3,1,2,1,1,1,2,1,2,1,1
duoshi:8,0,8,0,0,0,16
yingtu:2,1,3
xingbu:1,0,0,1,1
ov_yanhuo:5
olqiaomeng:1,1,0,0
mengjin:1,0,0,1,1,0,0,1,0,0,0,1,1
youdi:1,1,1,0,1,0,1,1,1,1,0,1,1,0,1,1,1,1,0
yuxu:5,0,3,4,2,0,1,0,1,3,1,0,3,4,2
ganglie:3,0,1,0,2,0,1,2,2,1,1,0,1,1,1
bingqing:1,0,0,1,1,0,0,0
piaoping:2,6,2,1,1,4,0,0,1,0,0
tenyearqianxi:1,1,1,1,1,0,1,1,1,1
ov_yujue:3,3,2,2,1,0,0,0,0,0,1,2,1,0,1,2,2,1,1,0,2,1,1
tenyearbiluan:1,1,1,1,1,1,0,1,0
tenyeargongqi:1,0,0,0,1,1,1,1
jinshidu:2,0,4,0,2,0,0,3,0,1,0,0,1,0,0,0,0,4,0
jianjiyh:3,1,0
newtianming:4
olninge:1,1,0,1,0,0,1
mobilerenguying:1,0,0,1,1,0,0,1,1,0,3,0,0
SevenZhenShi:2,0
LuaJuece:10,0,2,3,2,4,0,0,2,1
nifu:5,4,1,2,1,1,1,1,1,3,0,3,2,0,2,1
zhiyu:1,0,2,2,2
zhenlie:1,0,1,1,0,2,1,1,3,0,1,2,0,0,0,0,1,0,1,2,2,0,0,1
f_poweii:2,0,0,0,1,0,0,1,0,1,1,0,0,0,0,0
juesi:3,2,1,4,0,1,1,1,1,1,0,0,0,0,1,0,0,0,0,0,0
FourJianxiong:1,1,0,2,1,1
tenyearzhenjun:1,1,1,2,1,1,1,1,1,1,0,1,2,2
olfenxun:1,1,0,0,1,0,0,0,1,1,0,0,0,0,1
bingzheng:1,0
tenyearyajiao:1,0,2,1,0,0,1,0,1,0
tenyearyanzhu:1,0,0
happycuorui:2,2,0
tenyearxingxue:1,0,0,2,2,0
yishe:2,0,2,2,2,0,2,2,0,2,0,2,2,0,2,0,2,2,0,2,2,2,0,0,2,4,2,2,2,2,0,0,2,2
yicheng:6,3,6,5,3,2,4,0,0,3,2
s4_weiT_qingjian:1,0,1,2,3,0,0,3,5,4,3,1
fenming:3,3,2,5,0,0,0,0,4
fozong:1,0,0,4
gongxiu:8,0,0,9,5,0,0,0,0,6,6,5,0
jincaiwang:1
jinzhaoran:1,1,2
secondcuijian:2
PlusWusheng:1,1
tenyearsongci:2,0,0,0,0,2,4,0
huagui:5,5,5,3,2,3,3,5,3,5,5
ov_lingbao:2,0,2,0,1,1
canshi:4,3,3,0,3,0,2,0,0,0,0,0,0,0,0
olxingbu:2,2,0,0,0,0,2,0
zhongjian:1,0,1,2
fengjie:1,2,1,0,6,13,12,3,2,2,1,1
feijun:1,0,0,0,0,0,0,0,0,0,0,0,0
feijun_discardequip:1
weikui:1,0,1,0,0
fengshimf:2,0
ov_juchen:8,0
SixChouyuan:1
tenyearluochong:10,7,7,6,6,10,6,7,4,10,5,10,10
oldimeng:2,0,0,0,4,1,0,1,2,1,1,2,2,0,2,0,0,0
yusui:4,0,0,3
LuaHuaji:1,1,2,2,2,0,2,1,0,3,0,1,2,1,2
mobilexuanfeng:4,0
mobileliezhi:1,1,0,0,2,1,0,1
xunde:1,1,0,2,0,0,0,0,0,0,0
tenyearzhanyi:2,0
PlusShiyong:2,0,0,6
xuanfeng:2,0,6,2,0,4,0,6,2,2,0,2,2,4,4,2,4,4,2,0,2
mobilerenjutu:1,2,2,0,1,1,1,0,2,5
yaohu:8,30
tenyearzhixi:1,2,2,5,5
luafentian:2,0,0,0,0,0,2,1,5,0,0,0,0,2,1,0,0
tenyearmumu:1,0,0,1,0,0,1,0,1,1
secondtenyearzhenjun:3
yuanyu:1,1,1,1,0,1,2,1
mobilexinmingshi:2,2,3,0,2,1,1,2,0,3,1
sujian:1
yinling:1,0
jinweishu:3,1
yaoming:1,0,0,1,1,1,1,0,1,1,1,0,0,2,0,1,2
jinglan:3,0
zhangji:2,2,6,0,2
mobilexinxunyi:2,0,0,0,0,3,2
jinsanchen:3,3,3,3,0,3,0,3,3,0
eqiehu:6,4,0,2,2,2,0,0,0,2,4,2
renwang:1,0,2,0,0,0,1,2,2,3,0,1
SixYangShi:2,2
oltiaoxin:2,2,2,2,0
ov_chunlaobf:1
fenglve:1,0
SevenFengPing:4,2,2
zhengu:8,0,1,0,1,10
Chenqing:4,4
jiyu:1,3,2,0,3,0,4,0
ov_shijun:1,0,0
yhxiaoyun:1,0
shifei:1
PlusXiejia:2,0,2,2,0,0
PlusTianxiang:1,0,0,0,0,0,0,0
meizlxunde:3,19,17,12,12,6,10
yhshouzhuang:8,2,2,0,0,2,2,0,2
meizllipocard:6,6,4,3,3
ov_yizhu:2,2,2,0,2,2
mobileyongzaoli:1,1,1,0
gongmou:10,0
meizlzhuzhi:4,5,0,0
ov_zhuidu:2
meizljuese:2
ov_moukui:4,2,1,0,2,2,0,2,2,2,1
shenfen:4,0,0,0
meizlcaijian:2,2,2,2,2,2,2,2,2,2,2,2,2,2
meizlyangxiucard:2
meizlsedangyangcard:9,4,4,3,4,4,4
danshou:1,1,0,2
neifa:1,1,1,1
xuehen:1,0
ov_tanfeng:2,2,0
meizlzenyan_dis:8,7
_ov_tiaojiyanmei:1,1
shilie:2,0
spmouzhu:1,1,1,1,1,1
meizlkuma:2,0,0,0,0,1
tenyearcanshi:1,3,0,0,0,6,6,4,4,2,4,3,4,1,0,0,0
shanjia:3
jiexun:1,0
_ov_mantianguohai:4,4,4
olbeige:4,0,0,2,2
PlusJiangcai:2,3,3,3,3,2,3,3,3,2,3
xiaosi:1,1,1,0,0
xiantu:2,0,0,0,0,0,0
tenyearyonglve:1,0,0
olanxu:1,1
quedi:1,0,0,0,0,1,1,0,0
liehou:1,0,1,1,1,1
tenyearxiaojun:1,2,0
ov_chayi:1
meizlselueduo:20
zhiren:1,0,1,0,1
mingren:1,0,0
olxibing:6
secondtenyearjiangchi:1,0,0,0
jinzhuiji:2,0
tenyearganlu:2,0,2,2,0
meizlmijian:3,2,2,2,2,3
