187 [0,0,1044,73,"20220516"]
187 [0,0,1044,74,"5aSq6Ziz56We5LiJ5Zu95p2AZmFuc+eahOacjeWKoeWZqA==:02p:0:8:nostalgia+mobilezhi+sp4+test+nostal_yjcm+limitation_broken+mobileyan+nostal_standard+sp5+BGM+sp_cards+Taiwan_sp+miscellaneous+mobilemouneng+New3v3Card+entertainmentcardpackage+yinhu+standard_ex_cards+mobilemouzhi+Disaster+mobilemouyu+Taiwan_yjcm+newgenerals+jie-package+h_momentum+entertainmentpackage+New3v3_2013Card+Special3v3Ext+Special3v3+maneuvering+yitian+mobilexin+mobileyong+mobilemoushi+nostal_yjcm2012+mobileren+BossMode+h_formation+Special1v1+nostal_wind+JianGeDefense+hegemony_sp+nostal_yjcm2013+wisdom+BGMDIY+JoyEquip+Doudizhu+Special1v1Ext+yitian_cards+New1v1Card+hegemony+standard_cards:RCFAi:1"]
901 [0,0,1044,29,["MG_SELF","objectName","sgs2"]]
901 [0,0,1044,62,["sgs2","PGZvbnQgY29sb3I9I0VFQjQyMj7njqnlrrYgPGI+5aSq6Ziz56We5LiJ5Zu95p2AZmFuczwvYj4g5Yqg5YWl5LqG5ri45oiPPC9mb250Pg=="]]
910 [0,0,1044,75]
910 [0,0,1044,76,["sgs1","5aSq6Ziz56We5LiJ5Zu95p2AZmFucw==","shencaocao"]]
926 [0,0,1044,9,[["sgs1"],9,[0,0]]]
969 [0,0,1044,62,["sgs2","PGZvbnQgY29sb3I9I0VFQjQyMj7njqnlrrYgPGI+5aSq6Ziz56We5LiJ5Zu95p2AZmFuczwvYj4g55qE572R57uc5bu26L+f5Li6IDcyMiDmr6vnp5I8L2ZvbnQ+"]]
2907 [0,0,1044,29,["sgs1","role","lord"]]
3015 [0,0,1044,29,["MG_SELF","role","rebel"]]
3017 [0,0,1044,29,["sgs1","player_seat","1"]]
3017 [0,0,1044,29,["sgs2","player_seat","2"]]
3017 [0,0,1044,79,["sgs1","sgs2"]]
3017 [0,0,1044,78,3]
3908 [0,0,1044,78,2]
4918 [0,0,1044,78,1]
5928 [0,0,1044,78,0]
6968 [0,0,1044,9,[["sgs1"],9,[0,0]]]
13551 [0,0,1044,29,["sgs1","general","xizhicai"]]
13742 [0,0,1041,10,["ol_guanqiujian","mazhong","ol_yujin","as_jiben","second_liuhong","mobile_chengpu","as_liuxie","caorui","mobile_zhuran","huangyueying","gaolan","huangjinleishi","olmasu","weiyan","ruanyu","mobile_jikang","zhoucang","new_zhoucang","tenyear_chengpu","tenyear_madai","kuailiangkuaiyue","xizhicai(lord)"]]
15484 [0,0,1044,29,["MG_SELF","general","ruanyu"]]
15627 [0,0,1044,29,["sgs1","hp","3"]]
15636 [0,0,1044,29,["sgs1","maxhp","3"]]
15639 [0,0,1044,29,["sgs2","general","ruanyu"]]
15639 [0,0,1044,29,["sgs2","hp","3"]]
15641 [0,0,1044,29,["sgs2","maxhp","3"]]
15645 [0,0,1044,40,[6,"sgs1","tiandu"]]
15645 [0,0,1044,40,[6,"sgs1","xianfu"]]
15645 [0,0,1044,40,[6,"sgs1","#xianfu-target"]]
15645 [0,0,1044,40,[6,"sgs1","chouce"]]
15645 [0,0,1044,40,[6,"sgs1","#chouce-judge"]]
15646 [0,0,1044,40,[11,"sgs1",1]]
15649 [0,0,1044,40,[6,"sgs2","xingzuo"]]
15649 [0,0,1044,40,[6,"sgs2","#xingzuo-finish"]]
15649 [0,0,1044,40,[6,"sgs2","miaoxian"]]
15649 [0,0,1044,40,[11,"sgs2",1]]
15653 [0,0,1044,40,[8]]
15892 [0,0,1044,69,[315,238,284,223,398,402,396,391,187,305,295,165,169,249,180,206,225,250,177,231,400,306,182,257,185,174,256,287,296,205,190,216,269,175,179,218,176,193,321,181,267,228,189,303,202,230,194,191,204,281,248,290,229,262,220,173,184,239,395,299,211,163,253,314,201,235,188,172,393,260,161,224,302,212,289,207,242,254,318,226,178,266,245,300,261,279,214,170,209,227,236,168,399,394,263,275,304,162,310,317,232,403,286,278,247,240,217,259,199,210,251,197,282,298,246,200,186,234,221,233,167,301,265,313,166,293,285,397,297,237,280,183,203,274,283,192,252,241,307,273,277,271,276,198,243,288,401,309,258,392,311,319,219,264,196,213,292,222,272,171,164,208,255,195,308,244,294,320,268,215,270,316,312,291]]
15892 [0,0,1044,36]
16002 [0,0,1044,57,174]
16003 [0,0,1044,57,161]
16003 [0,0,1044,39,[0,[[230,290,226,309],6,0,"","sgs2","","",[6,"sgs2","","",""]],[4,6,0,"","sgs1","","",[6,"sgs1","","",""]]]]
16004 [0,0,1044,57,153]
16004 [0,0,1044,57,153]
16004 [0,0,1044,38,[0,[[230,290,226,309],6,0,"","sgs2","","",[6,"sgs2","","",""]],[4,6,0,"","sgs1","","",[6,"sgs1","","",""]]]]
16215 [0,0,1044,19,["sgs2","chengzhao-Clear",4]]
16216 [0,0,1044,19,["sgs2","entertainmentbanzuomengxin_peach",1]]
16216 [0,0,1044,19,["sgs2","entertainmentbanzuomengxin_slash",1]]
16216 [0,0,1044,19,["sgs2","entertainmentbanzuomengxin_analeptic",1]]
16216 [0,0,1044,29,["sgs2","PlayerWantToGetDrawPile","162+252+186+311+301+208+251+249+190+211+280+231+181+228+262+297+281+173+223+224+219+189+243+316+300+177+222+235+176+272+283+217+182+166+191+197+210+315+209+161+245+187+282+163+261+263+250+288+271+184+167+321+289+240+192+178+207+205+193+206+256+216+270+236+267+198+275+170+171+303+248+196+298+195+175+174+212+305+204+284+179+213+274+188+214+199+246+215+200+180+164+296+268+292+318+229+165+185+234+279+302+273+233+286+259+258+183+308+306+225+169+168+237+266+317+312+253+202+307+299+227+277+247+293+257+242+304+220+314+172+203+239+310+276+221+241+313+238+264+244+291+287+294+285+265+269+201+319+194+218+254+278+295"]]
16216 [0,0,1044,29,["sgs1","PlayerWantToGetDrawPile","162+252+186+311+301+208+251+249+190+211+280+231+181+228+262+297+281+173+223+224+219+189+243+316+300+177+222+235+176+272+283+217+182+166+191+197+210+315+209+161+245+187+282+163+261+263+250+288+271+184+167+321+289+240+192+178+207+205+193+206+256+216+270+236+267+198+275+170+171+303+248+196+298+195+175+174+212+305+204+284+179+213+274+188+214+199+246+215+200+180+164+296+268+292+318+229+165+185+234+279+302+273+233+286+259+258+183+308+306+225+169+168+237+266+317+312+253+202+307+299+227+277+247+293+257+242+304+220+314+172+203+239+310+276+221+241+313+238+264+244+291+287+294+285+265+269+201+319+194+218+254+278+295"]]
16216 [0,0,1044,29,["sgs2","My_Visible_HandCards","230+290+226+309"]]
16216 [0,0,1044,29,["sgs2","PlayerWantToGetDrawPile","162+252+186+311+301+208+251+249+190+211+280+231+181+228+262+297+281+173+223+224+219+189+243+316+300+177+222+235+176+272+283+217+182+166+191+197+210+315+209+161+245+187+282+163+261+263+250+288+271+184+167+321+289+240+192+178+207+205+193+206+256+216+270+236+267+198+275+170+171+303+248+196+298+195+175+174+212+305+204+284+179+213+274+188+214+199+246+215+200+180+164+296+268+292+318+229+165+185+234+279+302+273+233+286+259+258+183+308+306+225+169+168+237+266+317+312+253+202+307+299+227+277+247+293+257+242+304+220+314+172+203+239+310+276+221+241+313+238+264+244+291+287+294+285+265+269+201+319+194+218+254+278+295"]]
16216 [0,0,1044,29,["sgs1","PlayerWantToGetDrawPile","162+252+186+311+301+208+251+249+190+211+280+231+181+228+262+297+281+173+223+224+219+189+243+316+300+177+222+235+176+272+283+217+182+166+191+197+210+315+209+161+245+187+282+163+261+263+250+288+271+184+167+321+289+240+192+178+207+205+193+206+256+216+270+236+267+198+275+170+171+303+248+196+298+195+175+174+212+305+204+284+179+213+274+188+214+199+246+215+200+180+164+296+268+292+318+229+165+185+234+279+302+273+233+286+259+258+183+308+306+225+169+168+237+266+317+312+253+202+307+299+227+277+247+293+257+242+304+220+314+172+203+239+310+276+221+241+313+238+264+244+291+287+294+285+265+269+201+319+194+218+254+278+295"]]
16216 [0,0,1044,19,["sgs1","entertainmentbanzuomengxin_peach",1]]
16216 [0,0,1044,19,["sgs1","entertainmentbanzuomengxin_slash",1]]
16216 [0,0,1044,19,["sgs1","entertainmentbanzuomengxin_analeptic",1]]
16216 [0,0,1044,29,["sgs2","PlayerWantToGetDrawPile","162+252+186+311+301+208+251+249+190+211+280+231+181+228+262+297+281+173+223+224+219+189+243+316+300+177+222+235+176+272+283+217+182+166+191+197+210+315+209+161+245+187+282+163+261+263+250+288+271+184+167+321+289+240+192+178+207+205+193+206+256+216+270+236+267+198+275+170+171+303+248+196+298+195+175+174+212+305+204+284+179+213+274+188+214+199+246+215+200+180+164+296+268+292+318+229+165+185+234+279+302+273+233+286+259+258+183+308+306+225+169+168+237+266+317+312+253+202+307+299+227+277+247+293+257+242+304+220+314+172+203+239+310+276+221+241+313+238+264+244+291+287+294+285+265+269+201+319+194+218+254+278+295"]]
16216 [0,0,1044,29,["sgs1","PlayerWantToGetDrawPile","162+252+186+311+301+208+251+249+190+211+280+231+181+228+262+297+281+173+223+224+219+189+243+316+300+177+222+235+176+272+283+217+182+166+191+197+210+315+209+161+245+187+282+163+261+263+250+288+271+184+167+321+289+240+192+178+207+205+193+206+256+216+270+236+267+198+275+170+171+303+248+196+298+195+175+174+212+305+204+284+179+213+274+188+214+199+246+215+200+180+164+296+268+292+318+229+165+185+234+279+302+273+233+286+259+258+183+308+306+225+169+168+237+266+317+312+253+202+307+299+227+277+247+293+257+242+304+220+314+172+203+239+310+276+221+241+313+238+264+244+291+287+294+285+265+269+201+319+194+218+254+278+295"]]
16216 [0,0,1044,19,["sgs1","chengzhao-Clear",4]]
16216 [0,0,1044,29,["sgs2","PlayerWantToGetDrawPile","162+252+186+311+301+208+251+249+190+211+280+231+181+228+262+297+281+173+223+224+219+189+243+316+300+177+222+235+176+272+283+217+182+166+191+197+210+315+209+161+245+187+282+163+261+263+250+288+271+184+167+321+289+240+192+178+207+205+193+206+256+216+270+236+267+198+275+170+171+303+248+196+298+195+175+174+212+305+204+284+179+213+274+188+214+199+246+215+200+180+164+296+268+292+318+229+165+185+234+279+302+273+233+286+259+258+183+308+306+225+169+168+237+266+317+312+253+202+307+299+227+277+247+293+257+242+304+220+314+172+203+239+310+276+221+241+313+238+264+244+291+287+294+285+265+269+201+319+194+218+254+278+295"]]
16216 [0,0,1044,29,["sgs1","PlayerWantToGetDrawPile","162+252+186+311+301+208+251+249+190+211+280+231+181+228+262+297+281+173+223+224+219+189+243+316+300+177+222+235+176+272+283+217+182+166+191+197+210+315+209+161+245+187+282+163+261+263+250+288+271+184+167+321+289+240+192+178+207+205+193+206+256+216+270+236+267+198+275+170+171+303+248+196+298+195+175+174+212+305+204+284+179+213+274+188+214+199+246+215+200+180+164+296+268+292+318+229+165+185+234+279+302+273+233+286+259+258+183+308+306+225+169+168+237+266+317+312+253+202+307+299+227+277+247+293+257+242+304+220+314+172+203+239+310+276+221+241+313+238+264+244+291+287+294+285+265+269+201+319+194+218+254+278+295"]]
16216 [0,0,1044,29,["sgs1","My_Visible_HandCards","232+255+260+320"]]
16216 [0,0,1044,29,["sgs1","InitialHandCards","232+255+260+320"]]
16216 [0,0,1044,29,["sgs2","InitialHandCards","230+290+226+309"]]
16216 [0,0,1044,19,["sgs1","jianjie_Round-Keep",1]]
16216 [0,0,1044,29,["sgs1","flags","Global_FirstRound"]]
16216 [0,0,1044,40,[14,"sgs1","xianfu"]]
16217 [0,0,1044,40,[2,"xianfu",true,1,"sgs1"]]
16237 [0,0,1044,41,["#InvokeSkill","sgs1","sgs2","","xianfu","","","",""]]
18638 [0,0,1044,40,[2,"xianfu",true,2,"sgs1"]]
18758 [0,0,1044,19,["sgs2","xianfu_hide_sgs1",1]]
18758 [0,0,1044,41,["$AppendSeparator","","","","","","","",""]]
18758 [0,0,1044,19,["sgs1","Global_TurnCount",1]]
18758 [0,0,1044,87]
18758 [0,0,1044,29,["sgs1","jinzhuosheng_ids",""]]
18768 [0,0,1044,29,["sgs2","jinzhuosheng_ids",""]]
18768 [0,0,1044,29,["sgs1","lianpian_targets",""]]
18768 [0,0,1044,29,["sgs1","phase","round_start"]]
18798 [0,0,1044,29,["sgs1","entertainmenthuantong_round","1"]]
18798 [0,0,1044,19,["sgs1","spcuorui_round-Keep",1]]
18798 [0,0,1044,39,[0]]
18798 [0,0,1044,38,[0]]
18798 [0,0,1044,29,["sgs1","entertainmentbumian_id",""]]
18798 [0,0,1044,29,["sgs1","entertainmentsanfenguiyuanqi_choice",""]]
18798 [0,0,1044,29,["sgs1","lianpian_targets",""]]
18798 [0,0,1044,29,["sgs1","phase","start"]]
18808 [0,0,1044,19,["sgs1","secondmobilexinmibei-Clear",1]]
18808 [0,0,1044,19,["sgs1","jianjie-Keep",1]]
18808 [0,0,1044,39,[0]]
18808 [0,0,1044,38,[0]]
18808 [0,0,1044,29,["sgs1","entertainmentbumian_id",""]]
18808 [0,0,1044,29,["sgs1","entertainmentsanfenguiyuanqi_choice",""]]
18808 [0,0,1044,29,["sgs1","lianpian_targets",""]]
18808 [0,0,1044,29,["sgs1","phase","judge"]]
18818 [0,0,1044,39,[0]]
18818 [0,0,1044,38,[0]]
18818 [0,0,1044,29,["sgs1","entertainmentbumian_id",""]]
18818 [0,0,1044,29,["sgs1","entertainmentsanfenguiyuanqi_choice",""]]
18818 [0,0,1044,29,["sgs1","lianpian_targets",""]]
18818 [0,0,1044,29,["sgs1","phase","draw"]]
18828 [0,0,1044,29,["sgs1","flags","-Global_FirstRound"]]
18828 [0,0,1044,39,[0,[2,6,0,"","sgs1","","",[6,"sgs1","draw_phase","",""]]]]
18828 [0,0,1044,57,151]
18828 [0,0,1044,38,[0,[2,6,0,"","sgs1","","",[6,"sgs1","draw_phase","",""]]]]
18838 [0,0,1044,29,["sgs1","jinzhuosheng_ids","+162+252"]]
18838 [0,0,1044,29,["sgs1","fulin_list","162+252"]]
18838 [0,0,1044,19,["sgs1","chengzhao-Clear",6]]
18838 [0,0,1044,19,["sgs1","tiqi_record-Clear",2]]
18838 [0,0,1044,29,["sgs1","PlayerWantToGetDrawPile","186+311+301+208+251+249+190+211+280+231+181+228+262+297+281+173+223+224+219+189+243+316+300+177+222+235+176+272+283+217+182+166+191+197+210+315+209+161+245+187+282+163+261+263+250+288+271+184+167+321+289+240+192+178+207+205+193+206+256+216+270+236+267+198+275+170+171+303+248+196+298+195+175+174+212+305+204+284+179+213+274+188+214+199+246+215+200+180+164+296+268+292+318+229+165+185+234+279+302+273+233+286+259+258+183+308+306+225+169+168+237+266+317+312+253+202+307+299+227+277+247+293+257+242+304+220+314+172+203+239+310+276+221+241+313+238+264+244+291+287+294+285+265+269+201+319+194+218+254+278+295"]]
18838 [0,0,1044,29,["sgs2","PlayerWantToGetDrawPile","186+311+301+208+251+249+190+211+280+231+181+228+262+297+281+173+223+224+219+189+243+316+300+177+222+235+176+272+283+217+182+166+191+197+210+315+209+161+245+187+282+163+261+263+250+288+271+184+167+321+289+240+192+178+207+205+193+206+256+216+270+236+267+198+275+170+171+303+248+196+298+195+175+174+212+305+204+284+179+213+274+188+214+199+246+215+200+180+164+296+268+292+318+229+165+185+234+279+302+273+233+286+259+258+183+308+306+225+169+168+237+266+317+312+253+202+307+299+227+277+247+293+257+242+304+220+314+172+203+239+310+276+221+241+313+238+264+244+291+287+294+285+265+269+201+319+194+218+254+278+295"]]
18838 [0,0,1044,29,["sgs1","My_Visible_HandCards","232+255+260+320+162+252"]]
18838 [0,0,1044,29,["sgs1","PlayerWantToGetDrawPile","186+311+301+208+251+249+190+211+280+231+181+228+262+297+281+173+223+224+219+189+243+316+300+177+222+235+176+272+283+217+182+166+191+197+210+315+209+161+245+187+282+163+261+263+250+288+271+184+167+321+289+240+192+178+207+205+193+206+256+216+270+236+267+198+275+170+171+303+248+196+298+195+175+174+212+305+204+284+179+213+274+188+214+199+246+215+200+180+164+296+268+292+318+229+165+185+234+279+302+273+233+286+259+258+183+308+306+225+169+168+237+266+317+312+253+202+307+299+227+277+247+293+257+242+304+220+314+172+203+239+310+276+221+241+313+238+264+244+291+287+294+285+265+269+201+319+194+218+254+278+295"]]
18838 [0,0,1044,29,["sgs2","PlayerWantToGetDrawPile","186+311+301+208+251+249+190+211+280+231+181+228+262+297+281+173+223+224+219+189+243+316+300+177+222+235+176+272+283+217+182+166+191+197+210+315+209+161+245+187+282+163+261+263+250+288+271+184+167+321+289+240+192+178+207+205+193+206+256+216+270+236+267+198+275+170+171+303+248+196+298+195+175+174+212+305+204+284+179+213+274+188+214+199+246+215+200+180+164+296+268+292+318+229+165+185+234+279+302+273+233+286+259+258+183+308+306+225+169+168+237+266+317+312+253+202+307+299+227+277+247+293+257+242+304+220+314+172+203+239+310+276+221+241+313+238+264+244+291+287+294+285+265+269+201+319+194+218+254+278+295"]]
18838 [0,0,1044,39,[0]]
18838 [0,0,1044,38,[0]]
18838 [0,0,1044,29,["sgs1","entertainmentbumian_id",""]]
18838 [0,0,1044,29,["sgs1","entertainmentsanfenguiyuanqi_choice",""]]
18838 [0,0,1044,29,["sgs1","lianpian_targets",""]]
18838 [0,0,1044,29,["sgs1","phase","play"]]
18848 [0,0,1044,29,["sgs1","entertainmentdaoqie_names",""]]
18848 [0,0,1044,9,[["sgs1"],9,[0,0]]]
26758 [0,0,1044,29,["sgs2","seat","1"]]
26758 [0,0,1044,61,"zF"]
26759 [0,0,1044,41,["#Contingency","","sgs1","","lord","","","",""]]
26760 [0,0,1044,29,["sgs1","alive","false"]]
26761 [0,0,1044,29,["sgs1","role","lord"]]
26761 [0,0,1044,51,"sgs1"]
26909 [0,0,1044,9,[["sgs2"],9,[0,0]]]
26909 [0,0,1041,3,["@@entertainmentjinjiao!","@entertainmentjinjiao",1,-1]]
29235 [0,0,1044,29,["sgs1","last_handcards","5qGDWzxpbWcgc3JjPSdpbWFnZS9zeXN0ZW0vbG9nL2hlYXJ0LnBuZycgaGVpZ2h0ID0gMTIvPjZdLCDlhrPmlpdbPGltZyBzcmM9J2ltYWdlL3N5c3RlbS9sb2cvZGlhbW9uZC5wbmcnIGhlaWdodCA9IDEyLz5BXSwg5rC05re55LiD5YabWzxpbWcgc3JjPSdpbWFnZS9zeXN0ZW0vbG9nL3NwYWRlLnBuZycgaGVpZ2h0ID0gMTIvPjNdLCDpk5zpm4BbPGltZyBzcmM9J2ltYWdlL3N5c3RlbS9sb2cvY2x1Yi5wbmcnIGhlaWdodCA9IDEyLz5LXSwg5p2AWzxpbWcgc3JjPSdpbWFnZS9zeXN0ZW0vbG9nL3NwYWRlLnBuZycgaGVpZ2h0ID0gMTIvPjldLCDkupTosLfkuLDnmbtbPGltZyBzcmM9J2ltYWdlL3N5c3RlbS9sb2cvaGVhcnQucG5nJyBoZWlnaHQgPSAxMi8+NF0="]]
29235 [0,0,1044,29,["sgs2","last_handcards","5qGDWzxpbWcgc3JjPSdpbWFnZS9zeXN0ZW0vbG9nL2hlYXJ0LnBuZycgaGVpZ2h0ID0gMTIvPjRdLCDkuZDkuI3mgJ3onIBbPGltZyBzcmM9J2ltYWdlL3N5c3RlbS9sb2cvaGVhcnQucG5nJyBoZWlnaHQgPSAxMi8+Nl0sIOmXqls8aW1nIHNyYz0naW1hZ2Uvc3lzdGVtL2xvZy9kaWFtb25kLnBuZycgaGVpZ2h0ID0gMTIvPkpdLCDpu5HlhYnpk6BbPGltZyBzcmM9J2ltYWdlL3N5c3RlbS9sb2cvY2x1Yi5wbmcnIGhlaWdodCA9IDEyLz4yXQ=="]]
29235 [0,0,1044,35,["rebel",["lord","rebel"]]]
uZycgaGVpZ2h0ID0gMTIvPjNdLCDpk5zpm4BbPGltZyBzcmM9J2ltYWdlL3N5c3RlbS9sb2cvY2x1Yi5wbmcnIGhlaWdodCA9IDEyLz5LXSwg5p2AWzxpbWcgc3JjPSdpbWFnZS9zeXN0ZW0vbG9nL3NwYWRlLnBuZycgaGVpZ2h0ID0gMTIvPjldLCDkupTosLfkuLDnmbtbPGltZyBzcmM9J2ltYWdlL3N5c3RlbS9sb2cvaGVhcnQucG5nJyBoZWlnaHQgPSAxMi8+NF0="]]
62599 [0,0,1044,29,["sgs2","last_handcards","5qGDWzxpbWcgc3JjPSdpbWFnZS9zeXN0ZW0vbG9nL2hlYXJ0LnBuZycgaGVpZ2h0ID0gMTIvPjRdLCDkuZDkuI3mgJ3onIBbPGltZyBzcmM9J2ltYWdlL3N5c3RlbS9sb2cvaGVhcnQucG5nJyBoZWlnaHQgPSAxMi8+Nl0sIOmXqls8aW1nIHNyYz0naW1hZ2Uvc3lzdGVtL2xvZy9kaWFtb25kLnBuZycgaGVpZ2h0ID0gMTIvPkpdLCDpu5HlhYnpk6BbPGltZyBzcmM9J2ltYWdlL3N5c3RlbS9sb2cvY2x1Yi5wbmcnIGhlaWdodCA9IDEyLz4yXQ=="]]
62599 [0,0,1044,35,["rebel",["lord","rebel"]]]
